21
714
714
714
719
884
884
884
884
884
884
884
858
0
0
0
21
714
714
714
715
748
748
748
748
748
748
748
726
0
0
0
19
646
646
646
648
714
712
646
644
578
582
714
712
646
644
578
577
544
547
646
644
578
578
578
575
476
476
476
462
0
14
476
475
442
443
476
478
544
542
476
475
442
443
476
479
578
575
476
475
442
443
476
481
646
641
476
475
442
443
476
483
714
707
476
475
442
443
476
484
748
750
816
814
748
747
714
712
646
644
578
577
544
542
476
475
442
442
442
438
306
306
306
325
952
952
952
952
952
952
952
952
952
952
952
950
884
883
850
851
884
884
884
887
986
986
986
986
986
986
986
980
782
782
782
785
884
884
884
884
884
884
884
884
884
884
884
882
816
815
782
783
816
816
816
820
952
952
952
952
952
950
884
882
816
815
782
780
714
714
714
714
714
714
714
714
714
714
714
716
782
783
816
818
884
884
884
875
578
578
578
577
544
544
544
554
884
884
884
882
816
816
816
808
544
544
544
542
476
478
544
545
578
577
544
542
476
474
408
407
374
372
306
305
272
272
272
281
578
578
578
577
544
544
544
549
714
714
714
717
816
816
816
816
816
816
816
815
783
815
783
815
783
815
783
815
782
783
816
818
884
881
782
779
680
681
714
716
782
779
680
688
952
952
952
945
714
714
714
716
782
782
782
779
680
680
680
681
714
712
646
644
578
577
544
542
476
476
476
462
0
0
0
0
0
16
544
545
578
578
578
578
578
577
544
542
476
474
408
407
374
375
408
410
476
476
476
476
476
474
408
407
374
372
306
305
272
272
272
280
544
544
544
540
410
474
410
473
374
372
306
297
0
0
0
0
0
0
0
0
0
21
714
713
680
681
714
719
884
883
850
851
884
884
884
884
884
879
714
713
680
681
714
722
986
986
986
985
952
952
952
952
952
945
714
712
646
648
714
721
952
950
884
886
952
952
952
952
952
945
714
712
646
648
714
724
1054
1054
1054
1052
986
986
986
986
986
978
714
712
646
648
714
722
986
985
952
950
884
882
816
814
748
745
646
644
578
580
646
655
952
950
884
882
816
814
748
747
714
710
578
577
544
545
578
587
884
882
816
814
748
747
714
712
646
643
544
542
476
478
544
553
850
851
884
883
850
848
782
780
714
712
646
644
578
577
544
545
578
580
646
644
578
577
544
542
476
488
884
879
714
717
816
814
748
750
816
814
748
747
714
712
646
644
578
577
544
542
476
478
544
545
578
577
544
542
476
474
408
420
816
811
646
649
748
747
714
715
748
747
714
712
646
644
578
577
544
542
476
474
408
410
476
477
510
509
476
474
408
406
340
352
748
743
578
582
714
712
646
648
714
712
646
644
578
577
544
542
476
475
442
440
374
376
442
443
476
475
442
440
374
372
306
318
714
709
544
547
646
644
578
580
646
644
578
577
544
542
476
488
884
879
714
717
816
814
748
750
816
814
748
747
714
712
646
649
748
742
544
547
646
648
714
712
646
644
578
582
714
712
646
644
578
577
544
547
646
644
578
578
578
575
476
476
476
462
0
9
306
311
476
479
578
583
750
818
884
884
884
880
748
746
681
716
782
782
782
779
680
681
714
709
544
540
408
405
306
305
272
273
306
309
408
412
544
549
715
750
816
816
816
813
714
711
613
648
714
714
714
711
612
613
646
641
476
472
340
337
238
237
204
205
238
241
340
344
476
481
648
715
748
748
748
745
646
643
545
580
646
646
646
643
544
545
578
573
408
410
476
478
544
545
578
573
408
415
646
639
408
417
714
709
544
545
578
580
646
648
714
710
578
584
782
776
578
585
816
804
408
412
544
547
646
651
816
816
816
816
816
816
816
816
816
809
578
582
714
717
816
821
986
986
986
986
986
986
986
986
986
974
578
582
714
717
816
821
986
986
986
986
986
986
986
986
986
986
986
974
578
578
578
580
646
646
646
655
952
952
952
953
986
981
816
813
714
710
578
566
170
182
578
577
544
545
578
580
646
644
578
577
544
545
578
582
714
710
578
577
544
545
578
583
748
743
578
577
544
545
578
585
816
809
578
577
544
545
578
587
884
885
918
917
884
882
816
814
748
747
714
712
646
644
578
577
544
544
544
540
408
408
408
424
952
952
952
952
952
952
952
952
952
952
952
950
884
883
850
851
884
884
884
887
986
986
986
986
986
986
986
980
782
783
816
818
884
881
782
783
816
813
714
716
782
778
646
645
612
613
646
650
782
778
646
653
884
881
782
790
1054
1054
1054
1042
646
646
646
653
884
884
884
884
884
884
884
884
884
884
884
882
816
815
782
783
816
816
816
820
952
952
952
952
952
952
952
945
714
716
782
783
816
813
714
716
782
779
680
681
714
710
578
577
544
545
578
582
714
710
578
585
816
813
714
722
986
986
986
974
578
578
578
585
816
816
816
816
816
816
816
816
816
816
816
815
782
783
816
818
884
884
884
875
578
578
578
577
544
544
544
554
884
884
884
882
816
816
816
808
544
544
544
542
476
478
544
545
578
577
544
542
476
474
408
407
374
372
306
305
272
272
272
281
578
578
578
577
544
544
544
549
714
714
714
717
816
816
816
816
816
816
816
815
783
815
783
815
783
815
783
815
782
783
816
818
884
882
816
815
782
785
884
879
714
719
884
878
680
681
714
716
782
780
714
713
680
683
782
776
578
584
782
773
476
478
544
545
578
577
544
542
476
479
578
573
408
413
578
572
374
375
408
410
476
474
408
407
374
377
476
471
306
311
476
470
272
278
476
466
136
138
204
206
272
273
306
308
374
375
408
410
476
478
544
546
612
614
680
681
714
716
782
783
816
818
884
886
952
952
952
945
714
714
714
716
782
782
782
779
680
680
680
681
714
712
646
644
578
577
544
542
476
476
476
462
0
0
0
0
0
16
544
545
578
578
578
578
578
577
544
542
476
474
408
407
374
375
408
410
476
476
476
476
476
474
408
407
374
372
306
305
272
272
272
280
544
544
544
540
410
474
410
473
374
372
306
297
0
0
0
0
0
0
0
0
0
16
544
542
476
478
544
549
714
713
680
681
714
714
714
714
714
709
544
542
476
478
544
552
816
816
816
815
782
782
782
782
782
775
544
542
476
478
544
551
782
780
714
716
782
782
782
782
782
775
544
542
476
478
544
554
884
884
884
882
816
816
816
816
816
813
714
713
680
681
714
716
782
780
714
713
680
681
714
718
850
846
714
713
680
681
714
719
884
879
714
713
680
681
714
721
952
945
714
713
680
681
714
722
986
971
476
475
442
443
476
480
612
608
476
475
442
443
476
481
646
641
476
475
442
443
476
483
714
707
476
475
442
443
476
484
748
733
238
237
204
205
238
242
374
370
238
237
204
205
238
243
408
403
238
237
204
205
238
245
476
469
238
237
204
205
238
247
544
540
408
407
374
375
408
412
544
540
408
407
374
375
408
413
578
573
408
407
374
375
408
415
646
639
408
407
374
375
408
417
714
710
578
577
544
545
578
582
714
710
578
577
544
545
578
583
748
743
578
577
544
545
578
585
816
809
578
577
544
545
578
587
884
885
918
917
884
882
816
814
748
747
714
712
646
644
578
576
510
509
476
477
510
521
884
882
816
814
748
747
714
712
646
645
612
613
646
645
612
610
544
542
476
474
408
406
340
339
306
307
340
344
476
481
646
649
748
752
884
884
884
884
884
884
884
884
884
882
816
814
748
752
884
882
816
814
748
747
714
717
816
814
748
747
714
712
646
649
748
747
714
712
646
645
612
615
714
712
646
646
646
646
646
646
646
627
0
19
646
645
612
613
646
648
714
712
646
645
612
613
646
649
748
745
646
645
612
613
646
651
816
811
646
645
612
613
646
653
884
877
646
645
612
613
646
654
918
918
918
918
918
918
918
918
918
918
918
918
918
918
918
918
918
908
578
577
544
545
578
582
714
710
578
577
544
545
578
583
748
743
578
577
544
545
578
585
816
809
578
577
544
545
578
587
884
884
884
884
884
884
884
884
884
884
884
884
884
884
884
884
884
877
646
648
714
716
782
783
816
818
884
885
918
920
986
988
1054
1052
986
984
918
917
884
882
816
815
782
780
714
712
646
651
816
816
816
816
816
816
816
816
816
816
816
816
816
816
816
816
816
813
714
715
748
750
816
818
884
886
952
954
1020
1021
1054
1056
33
31
1054
1053
1020
1018
952
950
884
882
816
814
748
747
714
715
748
757
1054
1045
748
747
714
715
748
752
884
889
1054
1052
986
985
952
946
748
755
986
979
748
757
1054
1045
748
754
952
946
748
747
714
722
986
978
714
712
646
648
714
717
816
821
986
985
952
950
884
879
714
721
952
945
714
722
986
978
714
719
884
879
714
712
646
655
952
943
646
644
578
580
646
649
748
754
952
950
884
883
850
844
646
653
884
877
646
655
952
943
646
652
850
844
646
644
578
587
884
875
578
577
544
545
578
582
714
719
884
879
714
715
748
752
884
877
646
644
578
580
646
649
748
752
884
874
544
545
578
578
578
587
884
884
884
874
544
544
544
553
850
850
850
851
884
884
884
884
884
884
884
858
0
2
68
67
34
35
68
71
170
167
68
67
34
35
68
72
204
200
68
67
34
35
68
73
238
233
68
67
34
35
68
75
306
299
68
67
34
35
68
76
340
337
238
237
204
205
238
242
374
370
238
237
204
205
238
243
408
403
238
237
204
205
238
245
476
469
238
237
204
205
238
246
510
507
408
407
374
375
408
412
544
540
408
407
374
375
408
413
578
573
408
407
374
375
408
415
646
639
408
407
374
375
408
416
680
677
578
577
544
545
578
582
714
710
578
577
544
545
578
583
748
743
578
577
544
545
578
585
816
809
578
577
544
545
578
586
852
920
986
986
986
982
850
848
783
818
884
884
884
881
782
783
816
811
646
642
510
507
408
407
374
375
408
411
510
514
646
647
682
750
816
816
816
812
680
678
613
648
714
714
714
711
612
613
646
641
476
472
340
337
238
237
204
205
238
241
340
344
476
477
512
580
646
646
646
642
510
508
443
478
544
544
544
541
442
443
476
471
306
308
374
376
442
443
476
471
306
313
544
537
306
314
578
574
442
443
476
478
544
545
578
575
476
481
646
641
476
475
442
438
306
310
442
445
544
549
714
714
714
714
714
714
714
714
714
707
476
479
578
582
714
719
884
884
884
884
884
884
884
884
884
872
476
481
646
649
748
752
884
884
884
884
884
884
884
884
884
884
884
872
476
476
476
471
306
306
306
310
442
442
442
431
68
68
68
80
476
476
476
483
714
714
714
714
714
714
714
714
714
714
714
712
646
645
612
613
646
646
646
649
748
748
748
748
748
748
748
742
544
545
578
580
646
643
544
545
578
575
476
478
544
540
408
407
374
375
408
412
544
540
408
415
646
643
544
552
816
816
816
804
408
408
408
415
646
646
646
646
646
646
646
646
646
646
646
644
578
577
544
545
578
578
578
582
714
714
714
714
714
714
714
707
476
478
544
545
578
575
476
478
544
541
442
443
476
472
340
339
306
307
340
344
476
472
340
347
578
571
340
352
748
748
748
736
340
340
340
347
578
578
578
578
578
578
578
578
578
578
578
577
544
545
578
580
646
646
646
637
340
340
340
339
306
306
306
316
646
646
646
644
578
578
578
570
306
306
306
304
238
248
578
577
544
542
476
478
544
542
476
475
442
440
374
376
442
442
442
451
748
748
748
747
714
714
714
719
884
884
884
887
986
986
986
986
986
986
986
985
953
985
953
985
953
985
953
985
952
953
986
988
1054
1052
986
985
952
955
1054
1049
884
889
1054
1048
850
851
884
886
952
950
884
883
850
853
952
946
748
754
952
943
646
648
714
715
748
747
714
712
646
649
748
743
578
583
748
742
544
545
578
580
646
644
578
577
544
547
646
641
476
481
646
640
442
448
646
636
306
308
374
376
442
443
476
478
544
545
578
580
646
648
714
716
782
784
850
851
884
886
952
953
986
988
1054
1056
33
33
33
26
884
884
884
886
952
952
952
949
850
850
850
851
884
882
816
814
748
747
714
712
646
646
646
627
0
0
0
0
0
21
714
715
748
748
748
748
748
747
714
712
646
644
578
577
544
545
578
580
646
646
646
646
646
644
578
577
544
542
476
475
442
442
442
450
714
714
714
710
580
644
580
643
544
542
476
476
476
476
476
476
476
476
476
476
476
476
476
